# time potential-energy
0.0 8.501455693594796
0.01 8.50140359083245
0.02 8.501559464321078
0.03 8.501930472328718
0.04 8.50205056644317
0.05 8.501640490453763
0.06 8.50119562420719
0.07 8.50112350826369
0.08 8.501456779718136
0.09 8.50192924119654
0.1 8.501990409679477
0.11 8.501605367531084
0.12 8.501249650019021
0.13 8.501048093198335
0.14 8.5009237311848
0.15 8.501118197692126
0.16 8.502021886933779
0.17 8.502646278042747
0.18 8.501876116423093
0.19 8.501171634346738
0.2 8.501179597756767
0.21 8.501414845831462
0.22 8.501598814029611
0.23 8.50169876212055
0.24 8.501742387477648
0.25 8.501754090154689
0.26 8.50174693833917
0.27 8.501726025124817
0.28 8.501692715064454
0.29 8.501649928107874
0.3 8.50161084328895
0.31 8.50160875350213
0.32 8.501686160121212
0.33 8.501825278248237
0.34 8.501876673832617
0.35 8.501680866641482
0.36 8.501265425756706
0.37 8.500821937595044
0.38 8.500851570042833
0.39 8.502058032223884
0.4 8.502891783354304
0.41 8.501669032424951
0.42 8.500871847615885
0.43 8.501042529407586
0.44 8.501377298476914
0.45 8.501591986902744
0.46 8.501697654659631
0.47 8.501743511814881
0.48 8.501761664484043
0.49 8.501768533607837
0.5 8.501771839209386
0.51 8.501774886320199
0.52 8.50177824589658
0.53 8.501779044585414
0.54 8.501765997386705
0.55 8.501702805751476
0.56 8.501477203665813
0.57 8.500768792559137
0.58 8.498992299172295
0.59 8.49780777701033
0.6 8.50603299463656
0.61 8.502330985449738
0.62 8.497522132977064
0.63 8.499563790739753
0.64 8.500956718515159
0.65 8.501479458023598
0.66 8.501642469011044
0.67 8.501674636183495
0.68 8.501691276706003
0.69 8.501737092511554
0.7 8.501771554567698
0.71 8.501741534635793
0.72 8.501669240909969
0.73 8.501613701421299
0.74 8.501586840515756
0.75 8.501530208007834
0.76 8.501288065528168
0.77 8.50046401847609
0.78 8.498251411147258
0.79 8.495740253955512
0.8 8.504012720056119
0.81 8.504196049945028
0.82 8.498928019472723
0.83 8.498056119005202
0.84 8.499328079446629
0.85 8.500620766348858
0.86 8.501261218599133
0.87 8.50150643820499
0.88 8.501582463721556
0.89 8.50159488837191
0.9 8.501586687545087
0.91 8.501575023852647
0.92 8.501567118794872
0.93 8.501566078781936
0.94 8.501572183443043
0.95 8.501582666287206
0.96 8.5015923526058
0.97 8.501596133641058
0.98 8.50159186570456
0.99 8.501581343868267
1.0 8.501568842378866
1.01 8.50155877841426
1.02 8.501554008490556
1.03 8.501555227904223
1.04 8.501561322754775
1.05 8.501570241686508
1.06 8.501579858705936
1.07 8.50158849545801
1.08 8.50159504559287
1.09 8.50159883355797
1.1 8.501599368410842
1.11 8.501596114240794
1.12 8.501588369889301
1.13 8.501575400654167
1.14 8.501557087374817
1.15 8.501535540024372
1.16 8.501517865809925
1.17 8.501518458795259
1.18 8.501554496873599
1.19 8.501626544252487
1.2 8.501696204170806
1.21 8.501706360777783
1.22 8.50164603960984
1.23 8.501564665599702
1.24 8.501511168315583
1.25 8.501495052185568
1.26 8.501501191151572
1.27 8.501513460791799
1.28 8.50152373944845
1.29 8.501531510060712
1.3 8.501541318349902
1.31 8.50155927577393
1.32 8.501586512722113
1.33 8.501610095172333
1.34 8.501600066283848
1.35 8.501522521050013
1.36 8.501362970811428
1.37 8.501157549882537
1.38 8.501067781854411
1.39 8.501396960522847
1.4 8.502008481523424
1.41 8.501918432116117
1.42 8.501184683413731
1.43 8.50074711435196
1.44 8.500681713181578
1.45 8.50078095311595
1.46 8.501082652659376
1.47 8.501668278562171
1.48 8.502241327488619
1.49 8.502217074397347
1.5 8.50163267059742
1.51 8.50114470868504
1.52 8.501039687421782
1.53 8.501160440077747
1.54 8.501320659530535
1.55 8.501437343618642
1.56 8.501488987340677
1.57 8.501469492804683
1.58 8.50137417064541
1.59 8.501228522729997
1.6 8.501182028487637
1.61 8.501538013157571
1.62 8.50218475542079
1.63 8.502162256657215
1.64 8.501497236383477
1.65 8.501144225072341
1.66 8.501192037486348
1.67 8.501344656554227
1.68 8.501467319109478
1.69 8.501546790880225
1.7 8.501596059176098
1.71 8.501621928611348
1.72 8.50162579623185
1.73 8.501612314100194
1.74 8.501591863916275
1.75 8.501575130138061
1.76 8.501567473028851
1.77 8.50156842802505
1.78 8.501574655997752
1.79 8.50158277327987
1.8 8.501590612284444
1.81 8.501597272458177
1.82 8.501602692819121
1.83 8.501607184117209
1.84 8.501611061198721
1.85 8.501614344115907
1.86 8.501616455112293
1.87 8.501615834139807
1.88 8.501609448305636
1.89 8.501592277926639
1.9 8.50155700030951
1.91 8.501494155159449
1.92 8.501392963749169
1.93 8.501244958704202
1.94 8.501068509191356
1.95 8.501010186275373
1.96 8.501441979894087
1.97 8.502267322608825
1.98 8.502164931243005
1.99 8.501280151840371
2.0 8.500938717232245
2.01 8.501104022873031
2.02 8.501344528247843
2.03 8.501485808092738
2.04 8.501477941679555
2.05 8.501242772075198
2.06 8.500590330511345
2.07 8.499483572895311
2.08 8.500016695769885
2.09 8.504638864103613
2.1 8.50203416206329
2.11 8.499218047873224
2.12 8.500077383965008
2.13 8.500979106725788
2.14 8.501386909960198
2.15 8.501537185210776
2.16 8.50158593165486
2.17 8.501598116673541
2.18 8.501598163679292
2.19 8.501594929476713
2.2 8.501591496117172
2.21 8.501588841079235
2.22 8.501587196682198
2.23 8.501586553716178
2.24 8.501586833954669
2.25 8.501587926055892
2.26 8.501589641572997
2.27 8.501591589838727
2.28 8.5015929149942
2.29 8.501591773502371
2.3 8.501584321938672
2.31 8.50156288032327
2.32 8.501513200155038
2.33 8.501413081491657
2.34 8.501245069899529
2.35 8.50106383364273
2.36 8.501144171456978
2.37 8.501821738334
2.38 8.502388628673208
2.39 8.501816883723667
2.4 8.50110585717248
2.41 8.500975313800877
2.42 8.501086196423142
2.43 8.501161188344987
2.44 8.501187639502064
2.45 8.501308470835857
2.46 8.501654584686028
2.47 8.501982387337549
2.48 8.5018487677083
2.49 8.501462142191087
2.5 8.50127073070413
2.51 8.501296562467022
2.52 8.501391368738611
2.53 8.501474210192171
2.54 8.501528334330478
2.55 8.501559138450421
2.56 8.501574757209125
2.57 8.501581208097793
2.58 8.501582225607452
2.59 8.501580021546182
2.6 8.501576028847635
2.61 8.50157146143173
2.62 8.50156759176613
2.63 8.50156560750409
2.64 8.501566029484543
2.65 8.501568047584636
2.66 8.50156951512583
2.67 8.501568109113496
2.68 8.501563088200122
2.69 8.501556167766973
2.7 8.501550675718464
2.71 8.501549762101115
2.72 8.501555064060883
2.73 8.501566300900423
2.74 8.501581203643518
2.75 8.501594730755976
2.76 8.501595818198458
2.77 8.501556919524523
2.78 8.501403484377702
2.79 8.50094158155924
2.8 8.499825094500574
2.81 8.498642103369166
2.82 8.502532836382494
2.83 8.505028437154316
2.84 8.49911051239274
2.85 8.499303685914759
2.86 8.500653289876574
2.87 8.501269100618734
2.88 8.501391603599847
2.89 8.501180429424386
2.9 8.500590844501579
2.91 8.499867282430767
2.92 8.50100346099222
2.93 8.50405321100272
2.94 8.501632629315589
2.95 8.49971601853151
2.96 8.500156996349794
2.97 8.500566045625241
2.98 8.500549553030044
2.99 8.500744240960461
3.0 8.502047021359855
3.01 8.502784704700467
3.02 8.501418501889729
3.03 8.500672441897215
3.04 8.500889431616146
3.05 8.501227869469899
3.06 8.501434880355404
3.07 8.501532267335287
3.08 8.5015678974179
3.09 8.50157012024911
3.1 8.501552469693657
3.11 8.501523147846564
3.12 8.50149397152741
3.13 8.501487516551204
3.14 8.501531718067035
3.15 8.501624645324421
3.16 8.501696249686564
3.17 8.501664016440177
3.18 8.5015507618092
3.19 8.501459392460262
3.2 8.501448996169112
3.21 8.501504737657932
3.22 8.501580297765182
3.23 8.501634074651522
3.24 8.501648065216749
3.25 8.501630356734344
3.26 8.501599617940345
3.27 8.501562725302398
3.28 8.501497910785679
3.29 8.501342278596235
3.3 8.500984129731414
3.31 8.5003333402883
3.32 8.499756591441336
3.33 8.500629996178809
3.34 8.502341756679797
3.35 8.501993373968505
3.36 8.500830480818854
3.37 8.498087093178462
3.38 8.49876794609331
3.39 8.504574052995286
3.4 8.499633598682129
3.41 8.49850737745661
3.42 8.500144402197567
3.43 8.501112073248965
3.44 8.501488984453392
3.45 8.501615718709745
3.46 8.501650133391017
3.47 8.501651681934684
3.48 8.501641323146663
3.49 8.501625440073875
3.5 8.501604479900678
3.51 8.501576104176074
3.52 8.501537037109944
3.53 8.501486577857047
3.54 8.50143527381252
3.55 8.501419057264954
3.56 8.501497716433766
3.57 8.501682825967986
3.58 8.501830523626067
3.59 8.501768434415808
3.6 8.501572479885143
3.61 8.501436853035903
3.62 8.501414542840191
3.63 8.501452592009288
3.64 8.501500018067075
3.65 8.50153439353395
3.66 8.501549075406812
3.67 8.501539851245475
3.68 8.501496905230619
3.69 8.501399934960709
3.7 8.501223043161481
3.71 8.500992049704887
3.72 8.500984560519047
3.73 8.501774713881275
3.74 8.502749926369132
3.75 8.502095281794894
3.76 8.501062076163544
3.77 8.500910196013717
3.78 8.501149761307733
3.79 8.501370030375224
3.8 8.501498816213772
3.81 8.501562720897555
3.82 8.501591371152303
3.83 8.501602747143341
3.84 8.501606175577118
3.85 8.501606183928649
3.86 8.501604888397905
3.87 8.50160325060365
3.88 8.501601701650257
3.89 8.501600439999962
3.9 8.501599562471986
3.91 8.501599120915635
3.92 8.501599130290238
3.93 8.501599561653387
3.94 8.501600321334974
3.95 8.501601228724502
3.96 8.501601997736136
3.97 8.501602234221771
3.98 8.50160145679654
3.99 8.501599179935287
4.0 8.501595071532517
4.01 8.501589200020886
4.02 8.50158231887466
4.03 8.501576037253422
4.04 8.50157257839562
4.05 8.501573844175574
4.06 8.501579907556437
4.07 8.501587943131469
4.08 8.501593035326731
4.09 8.501590977490055
4.1 8.501580604188899
4.11 8.501562728672763
4.12 8.50153570621536
4.13 8.501490244099706
4.14 8.501406310841409
4.15 8.501259389648194
4.16 8.501065528708553
4.17 8.501016823350149
4.18 8.501516693878955
4.19 8.50228530546526
4.2 8.502033014481203
4.21 8.501240864337955
4.22 8.5010102073091
4.23 8.501167083346047
4.24 8.501358490496465
4.25 8.50148360162693
4.26 8.501551012350681
4.27 8.50158414412831
4.28 8.501599286755633
4.29 8.50160545096123
4.3 8.50160720610856
4.31 8.501606727024193
4.32 8.501604935194038
4.33 8.501602073763884
4.34 8.501597999152732
4.35 8.501592355373637
4.36 8.501584745954403
4.37 8.501575013046397
4.38 8.501563739134395
4.39 8.501553011574925
4.4 8.501547166728436
4.41 8.501552444634207
4.42 8.5015737042587
4.43 8.501607776807436
4.44 8.501639111861294
4.45 8.501647714077498
4.46 8.501627060772524
4.47 8.501590935557774
4.48 8.501559674612482
4.49 8.501544281195766
4.5 8.501544078416082
4.51 8.501553116387102
4.52 8.501565757864059
4.53 8.50157855303687
4.54 8.501589841699085
4.55 8.501598707591267
4.56 8.501603982663646
4.57 8.501603417003908
4.58 8.501592990644276
4.59 8.501566706684333
4.6 8.501518315973295
4.61 8.50144916107028
4.62 8.50138868693992
4.63 8.501418953328095
4.64 8.501625648231201
4.65 8.501890414948994
4.66 8.501881738299653
4.67 8.501588266850119
4.68 8.501350721489974
4.69 8.501321221331542
4.7 8.501426030564616
4.71 8.50155233422565
4.72 8.501607771619595
4.73 8.501552919779677
4.74 8.501417495432193
4.75 8.501257654724661
4.76 8.501137645329786
4.77 8.501175639381941
4.78 8.50146564257822
4.79 8.501765999557005
4.8 8.501753393829432
4.81 8.501673708171186
4.82 8.501646928947135
4.83 8.501476154859215
4.84 8.501291060871381
4.85 8.501261154605572
4.86 8.50133710283488
4.87 8.50142225388794
4.88 8.501471277006193
4.89 8.501476735956995
4.9 8.501448086267494
4.91 8.501412532152353
4.92 8.50142799041463
4.93 8.501562169846952
4.94 8.501775318406246
4.95 8.501854621390788
4.96 8.501696508870841
4.97 8.50148895044075
4.98 8.501398183080546
4.99 8.501411034556739
# Average total energy:       8.50
# Standard deviation:       0.00
