# time potential-energy
0.0 2.3639554413125885
0.01 2.363955434884967
0.02 2.3639554391701783
0.03 2.363955453937797
0.04 2.363955479264054
0.05 2.3639555155249523
0.06 2.3639555634026532
0.07 2.363955623904817
0.08 2.3639556983983128
0.09 2.3639557886583877
0.1 2.363955896935674
0.11 2.3639560260449928
0.12 2.363956179480494
0.13 2.3639563615638286
0.14 2.3639565776340317
0.15 2.363956834290369
0.16 2.3639571397030923
0.17 2.363957504011745
0.18 2.3639579398368764
0.19 2.363958462938176
0.2 2.3639590930631313
0.21 2.363959855043535
0.22 2.3639607802119103
0.23 2.3639619082304435
0.24 2.363963289446337
0.25 2.363964987904844
0.26 2.3639670851611787
0.27 2.363969685003972
0.28 2.3639729190902914
0.29 2.3639769532030837
0.3 2.3639819930267802
0.31 2.3639882869440436
0.32 2.3639961192427674
0.33 2.3640057794227043
0.34 2.3640174749269174
0.35 2.3640311139154475
0.36 2.3640457911691284
0.37 2.3640585916268244
0.38 2.3640618060814598
0.39 2.3640364058852055
0.4 2.363936681155905
0.41 2.363654628001783
0.42 2.362943845015266
0.43 2.3613048855511023
0.44 2.3581249280027796
0.45 2.354762727922951
0.46 2.360215157160748
0.47 2.375423734947989
0.48 2.3670811143402473
0.49 2.355192170633693
0.5 2.356481350149292
0.51 2.360208908335357
0.52 2.36244446767443
0.53 2.3634547145693
0.54 2.3638360904746394
0.55 2.3639004682960185
0.56 2.3637487981983227
0.57 2.3633528536124433
0.58 2.3626047421829477
0.59 2.3614520817285864
0.6 2.3604038725083862
0.61 2.3613837607888963
0.62 2.36590826999894
0.63 2.36848324783322
0.64 2.364432306161254
0.65 2.360722598995024
0.66 2.360563917399419
0.67 2.361748037875988
0.68 2.362787371771751
0.69 2.3634199956091497
0.7 2.3637561717465116
0.71 2.3639230258594925
0.72 2.3640015367318243
0.73 2.364035892915729
0.74 2.364048835531607
0.75 2.3640517151881375
0.76 2.3640499752994004
0.77 2.364045932363951
0.78 2.364040099774418
0.79 2.3640317194133518
0.8 2.3640188144934506
0.81 2.3639978877600996
0.82 2.363963306194127
0.83 2.3639064515470074
0.84 2.363815013067988
0.85 2.3636737160761347
0.86 2.3634699248121764
0.87 2.363210846519421
0.88 2.362957735067249
0.89 2.362852733516088
0.9 2.3630230937988372
0.91 2.3632144111607984
0.92 2.3624889225036267
0.93 2.3600773637038888
0.94 2.3578448881679743
0.95 2.362150177674474
0.96 2.3713427200746016
0.97 2.3666418273185643
0.98 2.3585049217396215
0.99 2.358706581921815
1.0 2.361432178338596
1.01 2.362945734709954
1.02 2.363191705063464
1.03 2.363055396214469
1.04 2.3630464418903894
1.05 2.3632064006448177
1.06 2.3634255599631104
1.07 2.3636235288286227
1.08 2.3637726182562044
1.09 2.363874202131813
1.1 2.363938956169986
1.11 2.3639777213699134
1.12 2.363998670451786
1.13 2.364007007798853
1.14 2.3640053448498666
1.15 2.3639940390435235
1.16 2.3639712907503685
1.17 2.3639330224831165
1.18 2.363872793403135
1.19 2.363782495816589
1.2 2.363655669178242
1.21 2.363497064774039
1.22 2.3633428121162248
1.23 2.363286831823916
1.24 2.3634743898364805
1.25 2.3639785650296887
1.26 2.364575388460806
1.27 2.3647826267530285
1.28 2.364399804823998
1.29 2.363787295050174
1.3 2.3633828158148398
1.31 2.3632929920871653
1.32 2.363397587789159
1.33 2.3635621276678327
1.34 2.3637139529445306
1.35 2.363830102893696
1.36 2.363911023296614
1.37 2.3639641575174575
1.38 2.3639969072895823
1.39 2.364014410738291
1.4 2.3640191205743917
1.41 2.3640107564422816
1.42 2.3639860277014026
1.43 2.3639378261208894
1.44 2.363853647949365
1.45 2.3637130488141294
1.46 2.36348439453711
1.47 2.3631234003601596
1.48 2.362583785090583
1.49 2.361870364758176
1.5 2.3611851795112946
1.51 2.361103809726572
1.52 2.3621970597807915
1.53 2.3636301917781455
1.54 2.363770800482378
1.55 2.3635831162169927
1.56 2.3640271980238547
1.57 2.364063978323062
1.58 2.363940066984361
1.59 2.3629281252024317
1.6 2.3610985364478485
1.61 2.360340653039196
1.62 2.3608965619165336
1.63 2.361873017651031
1.64 2.3627057989773155
1.65 2.3632713156446017
1.66 2.3636184786730654
1.67 2.3638208172301933
1.68 2.3639347164111584
1.69 2.3639965574866126
1.7 2.3640283458183564
1.71 2.364043072754268
1.72 2.3640483561976455
1.73 2.3640486670338006
1.74 2.3640466397134627
1.75 2.3640438344238337
1.76 2.364041179048548
1.77 2.3640392235518606
1.78 2.3640382806211044
1.79 2.364038490293578
1.8 2.3640398215525043
1.81 2.3640420016117463
1.82 2.364044334758098
1.83 2.3640453240949353
1.84 2.3640419183812753
1.85 2.3640280312156587
1.86 2.3639916572221846
1.87 2.3639093978173427
1.88 2.3637367985996187
1.89 2.3633946916450554
1.9 2.362765215215734
1.91 2.3617672341291143
1.92 2.360718143426159
1.93 2.361087842795901
1.94 2.3647108961807417
1.95 2.3681947243290664
1.96 2.365604074008698
1.97 2.3614793255510746
1.98 2.3605561088132765
1.99 2.361451606059333
2.0 2.3624318244540032
2.01 2.3630092497495494
2.02 2.363217714438537
2.03 2.3631814623250853
2.04 2.363044935994317
2.05 2.363025172808593
2.06 2.3634089281984845
2.07 2.3642768161171017
2.08 2.3650741375684134
2.09 2.3649892807404806
2.1 2.364116812012645
2.11 2.3633107955650923
2.12 2.3630255125768715
2.13 2.3631313963693525
2.14 2.3633730233717425
2.15 2.363603159688457
2.16 2.3637764223738884
2.17 2.3638942262332807
2.18 2.363970647321714
2.19 2.364018996883783
2.2 2.3640482103061577
2.21 2.3640623790969864
2.22 2.3640605259042684
2.23 2.364035396184599
2.24 2.3639705480346254
2.25 2.3638353735752977
2.26 2.363579521787309
2.27 2.3631358334634567
2.28 2.362463229618332
2.29 2.3616942153402127
2.3 2.3613650619794098
2.31 2.3621118751873182
2.32 2.36299973156626
2.33 2.362069638140823
2.34 2.362025624957114
2.35 2.3655771451035674
2.36 2.364562488986288
2.37 2.356914502286894
2.38 2.3493286100452146
2.39 2.34574662853971
2.4 2.3649838415993685
2.41 2.380801935211599
2.42 2.3541002982613035
2.43 2.350652159608553
2.44 2.35739924881258
2.45 2.3615511068503414
2.46 2.3631372049549495
2.47 2.3633266027605138
2.48 2.3624895927315728
2.49 2.360451045428506
2.5 2.357531000037736
2.51 2.35788551663706
2.52 2.368328201716689
2.53 2.3728061312105897
2.54 2.3610208458210553
2.55 2.3565931642774163
2.56 2.3588566801379427
2.57 2.3611534713983735
2.58 2.3620819446907912
2.59 2.361949678559839
2.6 2.3613531327067294
2.61 2.361512029454241
2.62 2.364036998808918
2.63 2.3672107162245326
2.64 2.365235348151425
2.65 2.357205219579597
2.66 2.3408563107156652
2.67 2.3169421652779163
2.68 2.3982921819129928
2.69 2.362374837380249
2.7 2.317091261876537
2.71 2.342219564367705
2.72 2.3574882161481647
2.73 2.3660322924200026
2.74 2.3639675867817127
2.75 2.358428512039452
2.76 2.357272001104401
2.77 2.3584950711991644
2.78 2.359724990884347
2.79 2.3604905921918005
2.8 2.3610073420765176
2.81 2.3615151214663905
2.82 2.3620365786884836
2.83 2.3623417397666615
2.84 2.362213296820625
2.85 2.3617573289095786
2.86 2.3612930023422254
2.87 2.3610238149890588
2.88 2.3609563896219643
2.89 2.3610243500437025
2.9 2.3611813628674976
2.91 2.3613934022316942
2.92 2.361570827089883
2.93 2.3615151427849015
2.94 2.3609520432064643
2.95 2.359649909845323
2.96 2.3577094753654264
2.97 2.356596943312435
2.98 2.36010017982077
2.99 2.3669146504030407
3.0 2.364889069792274
3.01 2.3581894857241097
3.02 2.3567454746543572
3.03 2.358328826060408
3.04 2.3599235227747943
3.05 2.3608870941721602
3.06 2.3613816541758035
3.07 2.3616171193871036
3.08 2.3617227882164302
3.09 2.36176607519282
3.1 2.361780276164026
3.11 2.3617815526663457
3.12 2.3617776989373587
3.13 2.3617724430837157
3.14 2.3617675332897976
3.15 2.3617637524370587
3.16 2.361761413595358
3.17 2.361760599999406
3.18 2.361761274873585
3.19 2.361763319445468
3.2 2.3617665231761493
3.21 2.361770529948023
3.22 2.361774727498313
3.23 2.3617780483831408
3.24 2.3617786214501524
3.25 2.3617731640497284
3.26 2.3617559209413352
3.27 2.361716810704279
3.28 2.36163818896798
3.29 2.3614891706484045
3.3 2.361215368089827
3.31 2.3607184512784922
3.32 2.3598075269576224
3.33 2.358069760623411
3.34 2.3546212550597345
3.35 2.348680158830534
3.36 2.346863819689
3.37 2.3691386198136657
3.38 2.374135991327818
3.39 2.353826532132825
3.4 2.3531683956001967
3.41 2.354969555011495
3.42 2.356537084224131
3.43 2.3582605216147305
3.44 2.3594657582824294
3.45 2.3601810469168996
3.46 2.360654349738177
3.47 2.3610098176634704
3.48 2.3612799770395636
3.49 2.3614751174483803
3.5 2.361606476084688
3.51 2.361685877539188
3.52 2.3617210980598613
3.53 2.3617119019759696
3.54 2.361646089110914
3.55 2.3614945753547447
3.56 2.361208136085073
3.57 2.360731647885143
3.58 2.3600873445596706
3.59 2.3596175794939955
3.6 2.360254824226277
3.61 2.3626554965175144
3.62 2.3645890087251025
3.63 2.3627503070321425
3.64 2.35804846912279
3.65 2.349900053968105
3.66 2.3314514927645784
3.67 2.3301027997379595
3.68 2.4202460858739046
3.69 2.333223518009088
3.7 2.331859256188756
3.71 2.3512791979105723
3.72 2.358809270847876
3.73 2.3610244273825685
3.74 2.3616000369220242
3.75 2.3617080832259685
3.76 2.361694739446682
3.77 2.36166074336615
3.78 2.3616341490827546
3.79 2.3616216876006306
3.8 2.3616242593730785
3.81 2.3616413341810722
3.82 2.361671308964773
3.83 2.3617090022188076
3.84 2.361737928248034
3.85 2.36170902013032
3.86 2.3614817644881727
3.87 2.3606612241529494
3.88 2.358174816913719
3.89 2.3515146750931444
3.9 2.338311495577454
3.91 2.3347708372858986
3.92 2.366366640368804
3.93 2.373484187668738
3.94 2.353601697039745
3.95 2.329479061441974
3.96 2.3436635413410025
3.97 2.3558157595425384
3.98 2.360797007633525
3.99 2.361615154006207
4.0 2.360994507125175
4.01 2.3605377613592937
4.02 2.360544734220264
4.03 2.3607803768398017
4.04 2.3610397969773955
4.05 2.361243731285886
4.06 2.36137665859321
4.07 2.361427180803877
4.08 2.361339527463589
4.09 2.3609358668886387
4.1 2.3597414450279617
4.11 2.35668604793576
4.12 2.3505692671738254
4.13 2.34703747294388
4.14 2.3682491192666344
4.15 2.375221384942132
4.16 2.347157973359863
4.17 2.344200581889283
4.18 2.349246194820019
4.19 2.357214440196107
4.2 2.3674823674734067
4.21 2.3643244054313755
4.22 2.3559322445332707
4.23 2.3547109763564245
4.24 2.3564129987666607
4.25 2.357703872677651
4.26 2.3585675500287735
4.27 2.3600976228845627
4.28 2.3627448889179714
4.29 2.3643020740842484
4.3 2.3626026301028866
4.31 2.359979857592033
4.32 2.358954700211352
4.33 2.359255087622543
4.34 2.3599164796815093
4.35 2.360462213905549
4.36 2.36077629507337
4.37 2.3608460692290114
4.38 2.36064091604071
4.39 2.3600824858348544
4.4 2.3591247831714335
4.41 2.3581262143141943
4.42 2.3585639087483745
4.43 2.362090592022126
4.44 2.365144938565561
4.45 2.362240047058985
4.46 2.3579983217051637
4.47 2.3569304420308326
4.48 2.357919086634013
4.49 2.3594645679682245
4.5 2.3605519557775443
4.51 2.3599796446900316
4.52 2.357484390925299
4.53 2.354741763215437
4.54 2.3546638377481193
4.55 2.3581643217550896
4.56 2.3629289438892775
4.57 2.367188691722679
4.58 2.3605635300842778
4.59 2.3529683904071645
4.6 2.35365748132165
4.61 2.3568455250074702
4.62 2.3592200458027617
4.63 2.3605868788262034
4.64 2.361296591399655
4.65 2.361569682144309
4.66 2.3615490738968874
4.67 2.361386687265346
4.68 2.361219554992689
4.69 2.3611192868546653
4.7 2.3610915904355205
4.71 2.361110648002444
4.72 2.361148509448507
4.73 2.3611866047938976
4.74 2.361215783809796
4.75 2.361232874135378
4.76 2.3612376385681992
4.77 2.361231068578807
4.78 2.3612148732492764
4.79 2.361191867231542
4.8 2.3611669913552022
4.81 2.3611485111188846
4.82 2.3611483160802345
4.83 2.3611793618293593
4.84 2.3612483794537122
4.85 2.3613454083335492
4.86 2.361438802308278
4.87 2.361487152542696
4.88 2.36146618377702
4.89 2.36138762900673
4.9 2.3612900399833703
4.91 2.361211570097271
4.92 2.3611708699132503
4.93 2.361166699263416
4.94 2.361187700374808
4.95 2.3612213318449813
4.96 2.3612578693578143
4.97 2.3612904052221064
4.98 2.3613126565803317
4.99 2.361315261490823
5.0 2.3612796688088356
5.01 2.3611669656931387
5.02 2.3608973785649296
5.03 2.3603197864058445
5.04 2.3592078043619606
5.05 2.357492742318206
5.06 2.3563308493372195
5.07 2.3594384194877267
5.08 2.366605181821312
5.09 2.3654842194332795
5.1 2.3584187860489427
5.11 2.356496930816166
5.12 2.357998789546681
5.13 2.359576234764513
5.14 2.360310807586907
5.15 2.359969205248861
5.16 2.3577965400566065
5.17 2.35206076196824
5.18 2.343990872652161
5.19 2.357150566793055
5.2 2.3859397577091803
5.21 2.352394884266325
5.22 2.344735132480027
5.23 2.3530501360279628
5.24 2.3580957096058963
5.25 2.3598860578715506
5.26 2.360167311516634
5.27 2.3598792385914718
5.28 2.3597387192596146
5.29 2.360572971916028
5.3 2.3624091525289606
5.31 2.3631154243987225
5.32 2.360873862342983
5.33 2.3569502759818923
5.34 2.3525562669314555
5.35 2.34967020329658
5.36 2.357888923898372
5.37 2.3722203860799818
5.38 2.362009434362636
5.39 2.353625218633484
5.4 2.354789839088058
5.41 2.3561052491883854
5.42 2.3566329699814093
5.43 2.357300969152569
5.44 2.3589321980140285
5.45 2.3619064001558545
5.46 2.363887481415349
5.47 2.362265087573225
5.48 2.359526383913314
5.49 2.3584903148151906
5.5 2.358823965601288
5.51 2.3594936187836697
5.52 2.3600013513504883
5.53 2.360056729620278
5.54 2.359088223029204
5.55 2.3561093102157376
5.56 2.3510550002904975
5.57 2.3511826457816967
5.58 2.3690784652170125
5.59 2.3704264395535874
5.6 2.3534273334170224
5.61 2.3525888705212172
5.62 2.3562443629514953
5.63 2.3583153024944736
5.64 2.3594057899166936
5.65 2.360146570408426
5.66 2.360674046424564
5.67 2.361022804335908
5.68 2.361236062895414
5.69 2.3613589984095844
5.7 2.3614270399486403
5.71 2.3614640249397194
5.72 2.3614847206352945
5.73 2.361497782963064
5.74 2.361507872795875
5.75 2.3615167319748154
5.76 2.3615231759683066
5.77 2.3615216669215746
5.78 2.361498443899506
5.79 2.361422856362827
5.8 2.361229284122763
5.81 2.3607832779451234
5.82 2.3598374248743332
5.83 2.3580734355889987
5.84 2.355680243727397
5.85 2.3551529715562354
5.86 2.360103232940705
5.87 2.361913093512143
5.88 2.354752670456732
5.89 2.358904327419141
5.9 2.365467532965816
5.91 2.3570361961887127
5.92 2.353123681246566
5.93 2.3557196977771886
5.94 2.3585952842326576
5.95 2.36024568704025
5.96 2.3610261810228153
5.97 2.361362279703867
5.98 2.361493511372606
5.99 2.361533709816145
6.0 2.3615328322113176
6.01 2.3615095737362393
6.02 2.3614652277003163
6.03 2.3613871721477557
6.04 2.361245649413448
6.05 2.360985841118683
6.06 2.360522876560144
6.07 2.359775449192958
6.08 2.3588513092778522
6.09 2.3585334208205433
6.1 2.3604173000732604
6.11 2.3640498957790337
6.12 2.364383715877327
6.13 2.360831374495096
6.14 2.3585655590231833
6.15 2.3586572124500713
6.16 2.359515672509223
6.17 2.360223098294889
6.18 2.3606113261034314
6.19 2.3607521387546386
6.2 2.3607515030177426
6.21 2.3607254858163627
6.22 2.3608148873121477
6.23 2.3611439392059754
6.24 2.361670141344612
6.25 2.362073390841286
6.26 2.362009088654359
6.27 2.361539337569537
6.28 2.361051637202925
6.29 2.3608086133890955
6.3 2.3608050693541722
6.31 2.3609237272425596
6.32 2.3610681268003737
6.33 2.3611912328865774
6.34 2.3612782692036776
6.35 2.3613269678728943
6.36 2.36133556383134
6.37 2.3612965794056797
6.38 2.3611938627086393
6.39 2.3610038566558145
6.4 2.3607087987456885
6.41 2.360338599596281
6.42 2.360047996482088
6.43 2.3601246873256554
6.44 2.3605888499087677
6.45 2.360410664014769
6.46 2.3581053238792995
6.47 2.35460957824488
6.48 2.3546746680819766
6.49 2.360279306504442
6.5 2.361862253032008
6.51 2.3613400312488415
6.52 2.3612028858185363
6.53 2.35637003852879
6.54 2.3546333874021337
6.55 2.3565637224262708
6.56 2.358787811130489
6.57 2.3602021545821725
6.58 2.3609398269243003
6.59 2.3612886463190788
6.6 2.3614401095217152
6.61 2.361496779904042
6.62 2.3615096363085675
6.63 2.3615031771073665
6.64 2.361488781890755
6.65 2.361471303788298
6.66 2.361452193296286
6.67 2.3614308699898094
6.68 2.361405146907372
6.69 2.361371030468158
6.7 2.3613219531932264
6.71 2.361247358485789
6.72 2.361130643262537
6.73 2.3609473299727086
6.74 2.360667745865508
6.75 2.36027836515358
6.76 2.359854117431766
6.77 2.359704123925295
6.78 2.3604094675883047
6.79 2.3621231281537316
6.8 2.363387143082924
6.81 2.362595674689378
6.82 2.3608196858725226
6.83 2.3598387675777883
6.84 2.3598199135746976
6.85 2.360186230200033
6.86 2.3605549086200885
6.87 2.360804368788765
6.88 2.360920961493727
6.89 2.360907695052939
6.9 2.360755527357964
6.91 2.3604516390594013
6.92 2.3600345085928303
6.93 2.359726793837363
6.94 2.3600619392979065
6.95 2.3614863160057
6.96 2.363087899332418
6.97 2.362923816028977
6.98 2.3612230473331888
6.99 2.3599591054968556
7.0 2.3597745449678484
7.01 2.360145103370138
7.02 2.360585502993968
7.03 2.3609191665970126
7.04 2.3611331076560234
7.05 2.3612593469629677
7.06 2.361330011225263
7.07 2.361367628464909
7.08 2.3613861071460867
7.09 2.3613934811492947
7.1 2.361394129426631
7.11 2.3613902282533017
7.12 2.361382655802658
7.13 2.3613715758290073
7.14 2.361356729268262
7.15 2.3613367209174436
7.16 2.3613037168102036
7.17 2.3612192206938785
7.18 2.360917844606443
7.19 2.3597520716893934
7.2 2.3554036817051465
7.21 2.3414194287173795
7.22 2.320355779460745
7.23 2.3929647274065426
7.24 2.3657529714934635
7.25 2.320691072907171
7.26 2.343591333923214
7.27 2.355109641398287
7.28 2.35864314862351
7.29 2.3596338664751584
7.3 2.35990222026782
7.31 2.3599702346172355
7.32 2.359984786337415
7.33 2.3599871366507603
7.34 2.3599886793842386
7.35 2.3599923242023477
7.36 2.359998443565416
7.37 2.360006211181387
7.38 2.360013186735628
7.39 2.3600134114686684
7.4 2.3599927565485284
7.41 2.3599179704932545
7.42 2.359710996232701
7.43 2.359191152644688
7.44 2.3579662864118385
7.45 2.355375024727514
7.46 2.351414883872109
7.47 2.35153150823228
7.48 2.3658723029419724
7.49 2.3693894186190203
# Average total energy:       2.36
# Standard deviation:       0.01
